3.159748697335603396e+01,8.976625701420680059e+00
2.103563072835803638e+01,6.552482944033629408e+00
1.593428082271528190e+01,5.495890452484882616e+00
1.274726557599856847e+01,5.118730971604945168e+00
1.074565736132151450e+01,5.052616844527036299e+00
9.508337263851275978e+00,5.120506941799894740e+00
8.747911313621891338e+00,5.232788833524335104e+00
8.274304907060907155e+00,5.349436032667759910e+00
7.971662656622853227e+00,5.455145590691049762e+00
7.772171992238797067e+00,5.545331058403635716e+00
7.636532527299373818e+00,5.619761242464603512e+00
7.541771242544355935e+00,5.679908739161185771e+00
7.474128155870048751e+00,5.727816262617665188e+00
7.425053616223343589e+00,5.765585095999080423e+00
7.389013270966302116e+00,5.795144737698866955e+00
7.362290532527885567e+00,5.818162407438540740e+00
7.342318130050268010e+00,5.836024892529168895e+00
7.327287148648369275e+00,5.849856545267114960e+00
7.315905243449617679e+00,5.860552938610260831e+00
7.307239583105063829e+00,5.868818688296682851e+00
7.300611242247552646e+00,5.875203448184993960e+00
7.295522709597211275e+00,5.880133408443425580e+00
7.291607594642920631e+00,5.883937509885099004e+00
7.288595615656375593e+00,5.886868543335680215e+00
7.286288359616497345e+00,5.889119695529034360e+00
7.284542919915000247e+00,5.890837174225564965e+00
7.283261720031917186e+00,5.892129437050319218e+00
7.282387823431016649e+00,5.893073335699213544e+00
7.281905841701701299e+00,5.893717231962162018e+00
7.281848665897396877e+00,5.894081044340421016e+00
7.282307220294702788e+00,5.894154042293294538e+00
7.283426842120944933e+00,5.893895460888204596e+00
7.285338306527855856e+00,5.893254747163772400e+00
7.287937443894884737e+00,5.892241089801753873e+00
7.290548673339542596e+00,5.891032969666981423e+00
7.291910919643112443e+00,5.889977072776830802e+00
7.290966121613376316e+00,5.889337837283208366e+00
7.287762117266706419e+00,5.889080492250782228e+00
7.283299335400593932e+00,5.888978975616480760e+00
7.278705569849966750e+00,5.888817725187127650e+00
7.274668252191864859e+00,5.888477865829823799e+00
7.271353294307641768e+00,5.887932223633002060e+00
7.268611543235116379e+00,5.887205361833339978e+00
7.266215691620087291e+00,5.886333967468938333e+00
7.263989437744143629e+00,5.885345962596280067e+00
7.261826131912638260e+00,5.884257782263812686e+00
7.259656447389374989e+00,5.883079640526738707e+00
7.257417163159612272e+00,5.881820697057836611e+00
7.255038083589213649e+00,5.880491891630899026e+00
7.252438005098221119e+00,5.879107916751542540e+00
7.249515618784432291e+00,5.877690197799783078e+00
7.246129169005394388e+00,5.876271034221897338e+00
7.242071243790081603e+00,5.874895083873052926e+00
7.237075281618212230e+00,5.873603052692301318e+00
7.230966216419400183e+00,5.872360797031770829e+00
7.224067208603514700e+00,5.870920041102037246e+00
7.217429335180167271e+00,5.868794329033856449e+00
7.212021069533943063e+00,5.865611933657706167e+00
7.207738601397111644e+00,5.861484389109230086e+00
7.203716590379596774e+00,5.856853217066801953e+00
7.199169841841833062e+00,5.852100374818211215e+00
7.193768172871539690e+00,5.847367453359285427e+00
7.187546981726463891e+00,5.842615706953917964e+00
7.180657185424760947e+00,5.837760075340161947e+00
7.173192161803379818e+00,5.832750323927928804e+00
7.165169177156031743e+00,5.827575008108741628e+00
7.156589471867701668e+00,5.822233078243415960e+00
7.147475408867856039e+00,5.816718549905777635e+00
7.137862613216840124e+00,5.811024484335563400e+00
7.127783699980922982e+00,5.805149697373756190e+00
7.117267363432503657e+00,5.799098942032968829e+00
7.106344683702883636e+00,5.792880049147250965e+00
7.095050916609997316e+00,5.786502641524983837e+00
7.083423607608759554e+00,5.779978241237627046e+00
7.071501542785620487e+00,5.773320088677214912e+00
7.059324761914348656e+00,5.766542483425644683e+00
7.046934169588983110e+00,5.759660199596899233e+00
7.034370702920181628e+00,5.752688106302004556e+00
7.021674593456145530e+00,5.745640841493645290e+00
7.008884781338188041e+00,5.738532497632048646e+00
6.996038369161802883e+00,5.731376367096734370e+00
6.983170144625957754e+00,5.724184762556700612e+00
6.970312222968136240e+00,5.716968894563894565e+00
6.957493804661032399e+00,5.709738791799491509e+00
6.944741033221320414e+00,5.702503255284471884e+00
6.932076944160689536e+00,5.695269833140347515e+00
6.919521489950216875e+00,5.688044794109639035e+00
6.907091618963454138e+00,5.680833067232814670e+00
6.894801381848463251e+00,5.673638092119284160e+00
6.882662028098698315e+00,5.666461468108961341e+00
6.870682027386829205e+00,5.659302147015456086e+00
6.858866872494686184e+00,5.652154509592587139e+00
6.847218278266954172e+00,5.645003360450452590e+00
6.835731509092919822e+00,5.637808820407911092e+00
6.824385565600545434e+00,5.630448686054159602e+00
6.813095560063055167e+00,5.622393900708750003e+00
6.801319045207549152e+00,5.609008020219397928e+00
6.784176998661965108e+00,5.559151287868887792e+00
6.772559263564127185e+00,5.547122770439401940e+00
6.755305472473721373e+00,5.540421853997628432e+00
6.736975195442414410e+00,5.526140982949861780e+00
6.723482133903197600e+00,5.517891851031150097e+00
6.709376137991295508e+00,5.508534219549833466e+00
6.695968630038720448e+00,5.497843482357840372e+00
6.690245751901338522e+00,5.479502317542340961e+00
6.697519513169288174e+00,5.457777743927795022e+00
6.653584237202623264e+00,5.444875671649693771e+00
6.630402927579272188e+00,5.431968834510412236e+00
6.610454273721713570e+00,5.417628784381512297e+00
6.583900986050690740e+00,5.403537788288291566e+00
6.562719732986685095e+00,5.390031437382618584e+00
6.541613464261990529e+00,5.376369441360748347e+00
6.520536085472295795e+00,5.362798483773506319e+00
6.500885403320844524e+00,5.349552957284178234e+00
6.481761492027260374e+00,5.336375103082540150e+00
6.463305198463563883e+00,5.323147178583766959e+00
6.446118806485148234e+00,5.308821623932945322e+00
6.438615414651061464e+00,5.284990759090799628e+00
6.422042490989130492e+00,5.266070062902290516e+00
6.385902404772760832e+00,5.249747545851757735e+00
6.364179464281585652e+00,5.232893985792415492e+00
6.338732953444028873e+00,5.215912798382844606e+00
6.313412734961241668e+00,5.199401380287272723e+00
6.290950862440002567e+00,5.183403396851616662e+00
6.268239570994859733e+00,5.167553752886358431e+00
6.246627407638899676e+00,5.152076466171311431e+00
6.226130379550240512e+00,5.136980439661316566e+00
6.206288579696532359e+00,5.122162632598875831e+00
6.187282089280651043e+00,5.107661646504912945e+00
6.169063950320932577e+00,5.093469463467566349e+00
6.151529851437740781e+00,5.079558739968657477e+00
6.134664507488818863e+00,5.065927052415324816e+00
6.118426686750670029e+00,5.052565705319982392e+00
6.102766583339390927e+00,5.039462219207321958e+00
6.087649687549370192e+00,5.026608049621677843e+00
6.073041676468369232e+00,5.013994173843316915e+00
6.058908218283113101e+00,5.001610815866007087e+00
6.045219120311529970e+00,4.989448846704668483e+00
6.031946585251542814e+00,4.977499260616004229e+00
6.019064469008103657e+00,4.965752958187717780e+00
6.006548767612304829e+00,4.954200994830660676e+00
5.994377379970361908e+00,4.942834577050801315e+00
5.982529780482213511e+00,4.931645009874685570e+00
5.970986937311195675e+00,4.920623731315117766e+00
5.959731193727549226e+00,4.909762329953003324e+00
5.948746108287676471e+00,4.899052537006451047e+00
5.938016334401378771e+00,4.888486222602144160e+00
5.927527516177661937e+00,4.878055386270322202e+00
5.917266182971346211e+00,4.867752129644393300e+00
5.907219651764723523e+00,4.857568605701526820e+00
5.897375936792528250e+00,4.847496925304079163e+00
5.887723659894731121e+00,4.837528974880469512e+00
5.878251959063972798e+00,4.827656037893308216e+00
5.868950398518171241e+00,4.817867933265880254e+00
5.859808919280717454e+00,4.808150788130967079e+00
5.850818104594275759e+00,4.798480169635041648e+00
5.841971820423695227e+00,4.788793617400454394e+00
5.833294479053696691e+00,4.778823341980761086e+00
5.825409771968440786e+00,4.766135761445115193e+00
5.826899135854264777e+00,4.746389989621836669e+00
5.805630777528479669e+00,4.733065393054044279e+00
5.788207648696785057e+00,4.719813398614387978e+00
5.774536702384351905e+00,4.705276099886719798e+00
5.759711138794161300e+00,4.686912400150720082e+00
5.738779241333654468e+00,4.667366384338637708e+00
5.719127128937409488e+00,4.648286873587721857e+00
5.699722755349764469e+00,4.628009160904055896e+00
5.683452811929985415e+00,4.585299940408164687e+00
5.676182992358739021e+00,4.515262143969301256e+00
5.645733930927820943e+00,4.501827901601520132e+00
5.617106552197529190e+00,4.482424599970997292e+00
5.598324489850977415e+00,4.464809886727145738e+00
5.577509002440675268e+00,4.451604794837982659e+00
5.558113675731660486e+00,4.437656194136019749e+00
5.536606462428826703e+00,4.425172750420464318e+00
5.507744501089424816e+00,4.415074174707720900e+00
5.489344444522540556e+00,4.393759879704583149e+00
5.485591378682581620e+00,4.335598085165333515e+00
5.499227996092318271e+00,4.260971119964570342e+00
5.433127711374509339e+00,4.257217692634544193e+00
5.377989610342882365e+00,4.245447667226041055e+00
5.341066600759182492e+00,4.222795725672103373e+00
5.296485713774868209e+00,4.207013673411668542e+00
5.253791275879225786e+00,4.190043939448737653e+00
5.214562484503068696e+00,4.171055874347751491e+00
5.175354399467708255e+00,4.152310553069242793e+00
5.136693461216073509e+00,4.133292879814348453e+00
5.098935857300457286e+00,4.113756676192616091e+00
5.061702120106786218e+00,4.093983083144049573e+00
5.024889921131232562e+00,4.074062352291396572e+00
4.988553859925428213e+00,4.053993116569919231e+00
4.952714471709427357e+00,4.033813571614834004e+00
4.917377825417232451e+00,4.013569423031122518e+00
4.882570840973371240e+00,3.993277688481523757e+00
4.848323240174363669e+00,3.972916886820264892e+00
4.814653069574305277e+00,3.952361970410285252e+00
4.781681324665083999e+00,3.930828775512321460e+00
4.752797580287088763e+00,3.894844821634562138e+00
4.772999086864540885e+00,3.769418660974023449e+00
4.725968154118445064e+00,3.677972478167129911e+00
4.607865805107031143e+00,3.667974796501807244e+00
4.536407538307191345e+00,3.638584228842801416e+00
4.467363355693430904e+00,3.618427897561019790e+00
4.400337892496794190e+00,3.602950960926897039e+00
4.344948044951825850e+00,3.583880192895153360e+00
4.291694108989030809e+00,3.565846436384644491e+00
4.241028548372688611e+00,3.546767182963900478e+00
4.196415026723576247e+00,3.499507098185392184e+00
4.154635907310609610e+00,3.432657021431457789e+00
4.082946313777923386e+00,3.416048820588206691e+00
4.033289279909720193e+00,3.394398759653554087e+00
3.984596604849480084e+00,3.373284408416108437e+00
3.936394323124385419e+00,3.355882745561655778e+00
3.893449776624457126e+00,3.337663069193704146e+00
3.851119701760658653e+00,3.318140133614731369e+00
3.809850709613682440e+00,3.298315237044715076e+00
3.771007894537459215e+00,3.268233124176611604e+00
3.765530499186438451e+00,3.157276447415383380e+00
3.679925878762643876e+00,3.104726734371578090e+00
3.644654354162253362e+00,2.963304488792824376e+00
3.535676213064952833e+00,2.900161200050344501e+00
3.408333913095307643e+00,2.877043984752126971e+00
3.327960347378942085e+00,2.837750364901872935e+00
3.242976207992553928e+00,2.814520102005068747e+00
3.169426799703131792e+00,2.766084280303410914e+00
3.103191041981292031e+00,2.658568525092516399e+00
3.021198871887712745e+00,2.586040463110989229e+00
2.912019987591588865e+00,2.566665469055007254e+00
2.842893282807965161e+00,2.504119237817560517e+00
2.776225869152520342e+00,2.427533520216330398e+00
2.675226908607838183e+00,2.404849568852940322e+00
2.605761059153042236e+00,2.371830049474212387e+00
2.527484372304902749e+00,2.349459231094607858e+00
2.461329914052853507e+00,2.327065703896519899e+00
2.402086881715042477e+00,2.305109498535046431e+00
2.343772313906223204e+00,2.283634639794968724e+00
2.289510288285123707e+00,2.260761266607850040e+00
2.237929924491217637e+00,2.229381496030221843e+00
2.193788631077612017e+00,2.107640209004158827e+00
2.150333861523470169e+00,1.941484703694803526e+00
2.002587823239640574e+00,1.922796085613959871e+00
1.924270805614238578e+00,1.840888199526149682e+00
1.835053127777538817e+00,1.799495251319051192e+00
1.760114689289073775e+00,1.777202073302635466e+00
1.701300465392852734e+00,1.753369264955440432e+00
1.645698142862337399e+00,1.733603659902703820e+00
1.597086839229373334e+00,1.704761159930470615e+00
1.551306160247989396e+00,1.642341234089969015e+00
1.495365394674692539e+00,1.620605805210832306e+00
1.450735716882626258e+00,1.584508302005251723e+00
1.406577130858035929e+00,1.518330406615666428e+00
1.352855647893630442e+00,1.494779297378086902e+00
1.310066085316853535e+00,1.475154097640800854e+00
1.267986577091606115e+00,1.455522797273274493e+00
1.229725231343912428e+00,1.433213865378473839e+00
1.194256184471688353e+00,1.384678946857243353e+00
1.152085302751674423e+00,1.348999254280167426e+00
1.113783555347629406e+00,1.336027164100132225e+00
1.082394709821870027e+00,1.320039926089010329e+00
1.054490513594354306e+00,1.306349423248550412e+00
1.028940097365704132e+00,1.287472261068166590e+00
1.001660810780806266e+00,1.242615558502580875e+00
9.764604393836723295e-01,1.228825927999008583e+00
9.515903482154510762e-01,1.219318712016177031e+00
9.321457334048819376e-01,1.207029317475160735e+00
9.132824116098348100e-01,1.198383973051503126e+00
8.945313425657640538e-01,1.191441902815241205e+00
8.766941884144188180e-01,1.183425640210062468e+00
8.604602827683792698e-01,1.173821431101594648e+00
8.449546844443216465e-01,1.165846326410449718e+00
8.303306870518750715e-01,1.157225651163771518e+00
8.167337248835656593e-01,1.148425077735887756e+00
8.037590910269032385e-01,1.140026441885725772e+00
7.914021040569441112e-01,1.130904307071701087e+00
7.790626341522983722e-01,1.119587515176461601e+00
7.657174906545510806e-01,1.106853060111498754e+00
7.535644766657515481e-01,1.098354348727287322e+00
7.422851438931893364e-01,1.088755861372586953e+00
7.316290129546121346e-01,1.078670286790573307e+00
7.211660260008408985e-01,1.069284906994842244e+00
7.111032141761807202e-01,1.059033894913544493e+00
7.010776611637572486e-01,1.047384919400369041e+00
6.901854644724589871e-01,1.027731484986518673e+00
6.735148960306611698e-01,9.761007568208630580e-01
6.577921695299766558e-01,9.301288291222326032e-01
6.428902998756892417e-01,9.172992817465944748e-01
6.273057671659025836e-01,9.085395089568447657e-01
6.179887874662020053e-01,8.971700425934385770e-01
6.079443202525754986e-01,8.883703021288433810e-01
5.993600456855849856e-01,8.806005807871459812e-01
5.905564895810105908e-01,8.738703708718187357e-01
5.825678492001646891e-01,8.670111519705817615e-01
5.746903441075190688e-01,8.604410440435539265e-01
5.671705268992041082e-01,8.538532560728060439e-01
5.597823831865756938e-01,8.473276336109604179e-01
5.525928310779621988e-01,8.407766038405642961e-01
5.455352239081954213e-01,8.341971248883348622e-01
5.386105505521588954e-01,8.275421310837850486e-01
5.317827354046745780e-01,8.207975565067632262e-01
5.250377039627356357e-01,8.139321365985251466e-01
5.183550804978458437e-01,8.069213771531447144e-01
5.117124147321978622e-01,7.997176271816097692e-01
5.050456703220045362e-01,7.921072687452439531e-01
4.979828407954553504e-01,7.825079305301682053e-01
4.896713116348540007e-01,7.712553271400792720e-01
4.817387699055969974e-01,7.647383070777569181e-01
4.743683243335478639e-01,7.554768768499573461e-01
4.684365473298981453e-01,7.465116519212882107e-01
4.612601125141825853e-01,7.393864913469685440e-01
4.552692900894430017e-01,7.310880421963871223e-01
4.487774145551681193e-01,7.231007295005215108e-01
4.423991668363903562e-01,7.121508956047946093e-01
4.333546131659284373e-01,6.808851701572332660e-01
4.302079499205480051e-01,6.616221499330861011e-01
4.164071161647101005e-01,6.575493578887556811e-01
4.117079898964915441e-01,6.506882550921483377e-01
4.055738126138106470e-01,6.442216005208251106e-01
4.001149501875447823e-01,6.358514182789476443e-01
3.929831843356957344e-01,6.195263503935262150e-01
3.867659071906558998e-01,5.998392076338512346e-01
3.783611773686569868e-01,5.925008665212515568e-01
3.709432915479478066e-01,5.880059025842671039e-01
3.663317432949331209e-01,5.832674426681664359e-01
3.610256168510516117e-01,5.791445047499234056e-01
3.562621857528318059e-01,5.749268534856226687e-01
3.515660574349154799e-01,5.712333369305971909e-01
3.472111551993813938e-01,5.676852207042625276e-01
3.429983446156356086e-01,5.641626257055168958e-01
3.388646390153471910e-01,5.607034892893081324e-01
3.348671851752206274e-01,5.572605004943586016e-01
3.309843277508797699e-01,5.538375457611126595e-01
3.271830820542048213e-01,5.504327237149864160e-01
3.234653690990760277e-01,5.470361262666496582e-01
3.198265185440081759e-01,5.436499498223614779e-01
3.162619232159859517e-01,5.402727572923581301e-01
3.127655964042386771e-01,5.369020864357826328e-01
3.093328808497716742e-01,5.335379435709304285e-01
3.059606876428701550e-01,5.301795909947045748e-01
3.026461971128784345e-01,5.268260790279906125e-01
2.993861757702677706e-01,5.234763135743389917e-01
2.961780982394329187e-01,5.201284316911157779e-01
2.930193717737814563e-01,5.167797779767501209e-01
2.899074262385758494e-01,5.134261410036198292e-01
2.868394256925865804e-01,5.100606911904810303e-01
2.838120960214139954e-01,5.066718389551697621e-01
2.808211028437119228e-01,5.032386261755495971e-01
2.778598879161167101e-01,4.997197388806293716e-01
2.749165953237919791e-01,4.960236769719526539e-01
2.719650871070278253e-01,4.919117923039710849e-01
2.689316917375483285e-01,4.866060636532289485e-01
2.655450450424052256e-01,4.770179168878662113e-01
2.612358336206910270e-01,4.584661631845471375e-01
2.582176617593882617e-01,4.450222808876229119e-01
2.520444349337436218e-01,4.412870567313027514e-01
2.489695891600983424e-01,4.390768201224424794e-01
2.459307536284173479e-01,4.363576501768104965e-01
2.428562879538881392e-01,4.326802314879907296e-01
2.397912223432584478e-01,4.278228847695440540e-01
2.365678134814513944e-01,4.176805042645241883e-01
2.328513605164303779e-01,4.000325147532840520e-01
2.295387270956399661e-01,3.879433549998677067e-01
2.238327070423748733e-01,3.788836683363643321e-01
2.212370070072724459e-01,3.708754531249040531e-01
2.175544686079100287e-01,3.664648749351829271e-01
2.140925714219836518e-01,3.637674496283375136e-01
2.114401222683310877e-01,3.609274775674207181e-01
2.085771108007166419e-01,3.571089981514729006e-01
2.057137812852970760e-01,3.499389072065934858e-01
2.027670938421174407e-01,3.398389287060081809e-01
1.999997470540568756e-01,3.336181403629149278e-01
1.969518256619647023e-01,3.312955158356355456e-01
1.946510983895915758e-01,3.296660381309266530e-01
1.922655673514831465e-01,3.279361525295197977e-01
1.898936833820372427e-01,3.261289688390866526e-01
1.877185174493221365e-01,3.240778046756599418e-01
1.855738126051075243e-01,3.208015045287034295e-01
1.833980339974109475e-01,3.136486115597300062e-01
1.815642915690208470e-01,3.074099745663036454e-01
1.777207008989595272e-01,3.058649471600738412e-01
1.761210281942738876e-01,3.047267717486452643e-01
1.740943686167531201e-01,3.035579030681734292e-01
1.719045157615340935e-01,3.024593080705286763e-01
1.702441868055352969e-01,3.012239033488273154e-01
1.684342088462730258e-01,3.001121709698813533e-01
1.667282503919648440e-01,2.989362574192247490e-01
1.650504881354992459e-01,2.977230198827275354e-01
1.634127595036442004e-01,2.963213327997358260e-01
1.617631518592083095e-01,2.944494210633760711e-01
1.600464237656728794e-01,2.914456954326703486e-01
1.582517829536599918e-01,2.865243417221661204e-01
1.565066438583118391e-01,2.814568844492501554e-01
1.543010138969022615e-01,2.789187472504144338e-01
1.525133436912610163e-01,2.777172831738473624e-01
1.507758364290376629e-01,2.765574642980191400e-01
1.487715613439436757e-01,2.753526192632873570e-01
1.469879263645101353e-01,2.740774980536583305e-01
1.454532300664907740e-01,2.725098837789868833e-01
1.439438639680548637e-01,2.705432734876084266e-01
1.424002873334725139e-01,2.679864096911431792e-01
1.408671171935394206e-01,2.640673869256516815e-01
1.393060475796199793e-01,2.587404678426222238e-01
1.377541804374989298e-01,2.544510484386130478e-01
1.361175999642211532e-01,2.523808860569745627e-01
1.348115183862572952e-01,2.511812478375933799e-01
1.334713104672003159e-01,2.501017214824881041e-01
1.320904211821863905e-01,2.490923807937072132e-01
1.308648248512671863e-01,2.480763001342795315e-01
1.296678113652612041e-01,2.471089015281906498e-01
1.285069959218592406e-01,2.462006300837722983e-01
1.273991435287609997e-01,2.453387155515257267e-01
1.263198637788771894e-01,2.445273544893697693e-01
1.252712489007940799e-01,2.437534487777429093e-01
1.242503666391969186e-01,2.430133161974683265e-01
1.232556428382256125e-01,2.423005733481933544e-01
1.222845202365083622e-01,2.416109262746165554e-01
1.213357950840257965e-01,2.409417685152216715e-01
1.204086379382403177e-01,2.402893940028467401e-01
1.195013420466725651e-01,2.396514269692937849e-01
1.186131780681964482e-01,2.390248658220332501e-01
1.177431034220144251e-01,2.384066477749776647e-01
1.168900907720133026e-01,2.377929214350929521e-01
1.160530696942867895e-01,2.371779494011373723e-01
1.152305759026790305e-01,2.365519474856118409e-01
1.144203790359675926e-01,2.358946194095940807e-01
1.136181110309493758e-01,2.351554238191766733e-01
1.128132880411600730e-01,2.341783822771821566e-01
1.119783069527122144e-01,2.324059365450893422e-01
1.111019468917373576e-01,2.287276997960727698e-01
1.101773485742678083e-01,2.246592663388536915e-01
1.090216037485000761e-01,2.230061695992287540e-01
1.082336988906468095e-01,2.222568892856409684e-01
1.074230652936842417e-01,2.215379267396053731e-01
1.065339412676162972e-01,2.210624082555898706e-01
1.058091498757969817e-01,2.204937920873930590e-01
1.050924708482498943e-01,2.199577786805843593e-01
1.043851028845309004e-01,2.194747726692398149e-01
1.037295781709842019e-01,2.189893950651767840e-01
1.030813339007475571e-01,2.185446001328849586e-01
1.024486272794786629e-01,2.181098183050878270e-01
1.018336368876279346e-01,2.176924293021920698e-01
1.012307508671457246e-01,2.172874339803051447e-01
1.006410682713359539e-01,2.168897916182932206e-01
1.000629258807150812e-01,2.165016760243066163e-01
9.949616930058455266e-02,2.161185736244435884e-01
9.893979723177269425e-02,2.157412099599117228e-01
9.839331012471572158e-02,2.153680141485610489e-01
9.785641890485075045e-02,2.149982439003402801e-01
9.732845525569126799e-02,2.146315029867650603e-01
9.680916092337547851e-02,2.142669468311528269e-01
9.629813226124318837e-02,2.139043004986661556e-01
9.579502650148265241e-02,2.135430190699409148e-01
9.529955249708255138e-02,2.131827853358587710e-01
9.481140057879550165e-02,2.128232812661711160e-01
9.433031309457536040e-02,2.124642189129440362e-01
9.385602875397643097e-02,2.121053843218292934e-01
9.338831275997558357e-02,2.117465611134909664e-01
9.292694241754767548e-02,2.113875842838279229e-01
9.247170632241658028e-02,2.110282995425473707e-01
9.202240884355560036e-02,2.106685762414657326e-01
9.157886282492598562e-02,2.103082995868555405e-01
9.114089324331252351e-02,2.099473646344844902e-01
9.070833375731392201e-02,2.095856768674189130e-01
9.028102664024389989e-02,2.092231442356229099e-01
8.985882177440293606e-02,2.088596751236045934e-01
8.944157514444288359e-02,2.084951712065795382e-01
8.902914799930715384e-02,2.081295202904828723e-01
8.862140494558462533e-02,2.077625856127146564e-01
8.821821212023762959e-02,2.073941897137938917e-01
8.781943427894758902e-02,2.070240899255646472e-01
8.742493059982094084e-02,2.066519378369358617e-01
8.703454799906545913e-02,2.062772103828044989e-01
8.664810969368436089e-02,2.058990853125423348e-01
8.626539445914223336e-02,2.055162025379018154e-01
8.588609595591288615e-02,2.051261720066566430e-01
8.550973626365297731e-02,2.047244644741553488e-01
8.513546298644572574e-02,2.043016178262171134e-01
8.476151284617648718e-02,2.038351408623204353e-01
8.438357385546065015e-02,2.032616339944247064e-01
8.398895724217139702e-02,2.023641057104587637e-01
8.353508489168590123e-02,2.004134582465765813e-01
8.293036154342146860e-02,1.967329593511774333e-01
8.233241647758932080e-02,1.932597680532036344e-01
8.192600732564589427e-02,1.915224411504249380e-01
8.152330057510839834e-02,1.906890310617818940e-01
8.114197394390229578e-02,1.901497598310810666e-01
8.076015053800834897e-02,1.897655233267526997e-01
8.038002048459697013e-02,1.893785734470462279e-01
8.002492631298975534e-02,1.890223968627173234e-01
7.967186405269019445e-02,1.886951762940232979e-01
7.933063367521664411e-02,1.883880983558060551e-01
7.899644098286597027e-02,1.881063152460293875e-01
7.866695158058206738e-02,1.878377087852030891e-01
7.834486504187501699e-02,1.875807004799840694e-01
7.802777150496477410e-02,1.873307932697501621e-01
7.771555322605287752e-02,1.870858499080488013e-01
7.740770758530940432e-02,1.868445363339763243e-01
7.710388108924635941e-02,1.866052203835856793e-01
7.680378817629594790e-02,1.863671116441239783e-01
7.650709174219910702e-02,1.861290112859158019e-01
7.621359545557851445e-02,1.858899305650720812e-01
